1	4	1990	0
2	4	1990	5.6
3	4	1990	1.2
4	4	1990	0
5	4	1990	0
6	4	1990	0
7	4	1990	0
8	4	1990	0
9	4	1990	0
10	4	1990	0
11	4	1990	0
12	4	1990	0
13	4	1990	8.6
14	4	1990	1.6
15	4	1990	1
16	4	1990	1
17	4	1990	1
18	4	1990	0.6
19	4	1990	5
20	4	1990	2
21	4	1990	0
22	4	1990	1.8
23	4	1990	0
24	4	1990	0
25	4	1990	0
26	4	1990	0.4
27	4	1990	0
28	4	1990	0
29	4	1990	0
30	4	1990	0
1	4	1991	0
2	4	1991	2.8
3	4	1991	0.4
4	4	1991	8.2
5	4	1991	1
6	4	1991	2.6
7	4	1991	0.8
8	4	1991	0
9	4	1991	0
10	4	1991	0
11	4	1991	0
12	4	1991	0
13	4	1991	0
14	4	1991	0
15	4	1991	0
16	4	1991	0
17	4	1991	0.6
18	4	1991	7
19	4	1991	3.6
20	4	1991	2.6
21	4	1991	5.6
22	4	1991	0.8
23	4	1991	0
24	4	1991	2.8
25	4	1991	0
26	4	1991	0
27	4	1991	0
28	4	1991	0
29	4	1991	20.2
30	4	1991	12.8
1	4	1992	0
2	4	1992	0
3	4	1992	0.4
4	4	1992	0
5	4	1992	0
6	4	1992	3
7	4	1992	2.4
8	4	1992	0
9	4	1992	0
10	4	1992	0
11	4	1992	0
12	4	1992	0.2
13	4	1992	0.4
14	4	1992	10.6
15	4	1992	13
16	4	1992	0
17	4	1992	2.8
18	4	1992	0
19	4	1992	0.2
20	4	1992	0
21	4	1992	0
22	4	1992	0
23	4	1992	0.8
24	4	1992	1
25	4	1992	0
26	4	1992	3
27	4	1992	1.8
28	4	1992	12.6
29	4	1992	0
30	4	1992	0.4
1	4	1993	18.2
2	4	1993	0
3	4	1993	5
4	4	1993	0
5	4	1993	6.2
6	4	1993	0
7	4	1993	2.6
8	4	1993	0
9	4	1993	15.8
10	4	1993	0.4
11	4	1993	4
12	4	1993	3.2
13	4	1993	0
14	4	1993	0
15	4	1993	0
16	4	1993	0
17	4	1993	2.4
18	4	1993	0.4
19	4	1993	0
20	4	1993	0
21	4	1993	0
22	4	1993	0
23	4	1993	6
24	4	1993	13.6
25	4	1993	7.8
26	4	1993	2
27	4	1993	0.2
28	4	1993	0
29	4	1993	0
30	4	1993	0
1	4	1994	10.6
2	4	1994	1
3	4	1994	7.4
4	4	1994	3.8
5	4	1994	3
6	4	1994	0
7	4	1994	2.6
8	4	1994	11
9	4	1994	2.6
10	4	1994	10.6
11	4	1994	0
12	4	1994	7.6
13	4	1994	2.8
14	4	1994	3.8
15	4	1994	1.4
16	4	1994	1.2
17	4	1994	0
18	4	1994	0
19	4	1994	0
20	4	1994	0
21	4	1994	0
22	4	1994	0
23	4	1994	2.8
24	4	1994	0
25	4	1994	0
26	4	1994	0.4
27	4	1994	0
28	4	1994	0
29	4	1994	0
30	4	1994	0
1	4	1995	0
2	4	1995	0
3	4	1995	0
4	4	1995	0
5	4	1995	0
6	4	1995	0
7	4	1995	0
8	4	1995	0
9	4	1995	0
10	4	1995	0.2
11	4	1995	0
12	4	1995	0
13	4	1995	0
14	4	1995	0
15	4	1995	0
16	4	1995	0
17	4	1995	1.4
18	4	1995	2.2
19	4	1995	0.4
20	4	1995	0
21	4	1995	0
22	4	1995	3.8
23	4	1995	0.6
24	4	1995	0.6
25	4	1995	0
26	4	1995	1.6
27	4	1995	0
28	4	1995	0
29	4	1995	0
30	4	1995	0
1	4	1996	0
2	4	1996	0
3	4	1996	0
4	4	1996	0
5	4	1996	0
6	4	1996	0
7	4	1996	0
8	4	1996	0
9	4	1996	0
10	4	1996	0.4
11	4	1996	0.2
12	4	1996	5.4
13	4	1996	2.4
14	4	1996	0
15	4	1996	0
16	4	1996	0
17	4	1996	0.4
18	4	1996	0
19	4	1996	0.6
20	4	1996	0
21	4	1996	0
22	4	1996	1.6
23	4	1996	3.2
24	4	1996	0
25	4	1996	0
26	4	1996	0
27	4	1996	0
28	4	1996	0
29	4	1996	0.4
30	4	1996	0.2
1	4	1997	0
2	4	1997	0
3	4	1997	0
4	4	1997	0
5	4	1997	0
6	4	1997	0.6
7	4	1997	0
8	4	1997	0
9	4	1997	0
10	4	1997	0
11	4	1997	0
12	4	1997	0
13	4	1997	0
14	4	1997	0
15	4	1997	0
16	4	1997	0
17	4	1997	0
18	4	1997	0
19	4	1997	0
20	4	1997	0
21	4	1997	0
22	4	1997	0
23	4	1997	0.2
24	4	1997	0
25	4	1997	2.8
26	4	1997	6.4
27	4	1997	0.4
28	4	1997	2
29	4	1997	0
30	4	1997	0
1	4	1998	0.8
2	4	1998	5.4
3	4	1998	3.6
4	4	1998	10.6
5	4	1998	4.6
6	4	1998	6
7	4	1998	2.2
8	4	1998	2.2
9	4	1998	19.4
10	4	1998	2
11	4	1998	1.8
12	4	1998	0
13	4	1998	0.2
14	4	1998	8.4
15	4	1998	23.4
16	4	1998	0.8
17	4	1998	0.4
18	4	1998	3.2
19	4	1998	5
20	4	1998	0.8
21	4	1998	0.6
22	4	1998	0.6
23	4	1998	1.8
24	4	1998	0
25	4	1998	3.4
26	4	1998	3
27	4	1998	12
28	4	1998	0.2
29	4	1998	0
30	4	1998	0
1	4	1999	0
2	4	1999	0
3	4	1999	0
4	4	1999	0
5	4	1999	0
6	4	1999	0.6
7	4	1999	0.2
8	4	1999	0
9	4	1999	0
10	4	1999	0
11	4	1999	1.8
12	4	1999	14.6
13	4	1999	2.6
14	4	1999	0
15	4	1999	1
16	4	1999	0
17	4	1999	1.6
18	4	1999	0.6
19	4	1999	0
20	4	1999	9.6
21	4	1999	2.4
22	4	1999	3
23	4	1999	0.4
24	4	1999	0
25	4	1999	0.4
26	4	1999	0.8
27	4	1999	0
28	4	1999	0
29	4	1999	0
30	4	1999	0
1	4	2000	1.8
2	4	2000	3.2
3	4	2000	22.2
4	4	2000	11.4
5	4	2000	0
6	4	2000	0
7	4	2000	0
8	4	2000	0.4
9	4	2000	1.2
10	4	2000	0
11	4	2000	6.8
12	4	2000	3.2
13	4	2000	4.2
14	4	2000	0.6
15	4	2000	15.6
16	4	2000	2
17	4	2000	2.8
18	4	2000	6.8
19	4	2000	2.2
20	4	2000	3.4
21	4	2000	1.8
22	4	2000	2
23	4	2000	0
24	4	2000	0.6
25	4	2000	7.6
26	4	2000	5.8
27	4	2000	0
28	4	2000	5.8
29	4	2000	0.4
30	4	2000	2.4
1	4	2001	0
2	4	2001	1.6
3	4	2001	4.8
4	4	2001	4.8
5	4	2001	5.6
6	4	2001	2.6
7	4	2001	3.4
8	4	2001	7.4
9	4	2001	0.8
10	4	2001	0.4
11	4	2001	0
12	4	2001	0
13	4	2001	0
14	4	2001	6.6
15	4	2001	6.4
16	4	2001	0
17	4	2001	0.8
18	4	2001	2.6
19	4	2001	2.2
20	4	2001	2.4
21	4	2001	0
22	4	2001	0.8
23	4	2001	3.8
24	4	2001	5.6
25	4	2001	4.2
26	4	2001	12
27	4	2001	0.2
28	4	2001	4.8
29	4	2001	3.8
30	4	2001	0
1	4	2002	0
2	4	2002	0
3	4	2002	0
4	4	2002	0
5	4	2002	0
6	4	2002	0
7	4	2002	0
8	4	2002	0
9	4	2002	0
10	4	2002	0
11	4	2002	0
12	4	2002	0
13	4	2002	0.2
14	4	2002	0
15	4	2002	0.8
16	4	2002	0
17	4	2002	0.2
18	4	2002	0.6
19	4	2002	1.2
20	4	2002	0
21	4	2002	0
22	4	2002	0
23	4	2002	0
24	4	2002	0
25	4	2002	0
26	4	2002	6.4
27	4	2002	2.4
28	4	2002	5.2
29	4	2002	2.2
30	4	2002	15.4
