1	1	1949	11.7
2	1	1949	6.7
4	1	1949	6.5
8	1	1949	1.4
11	1	1949	0.3
14	1	1949	1.1
15	1	1949	2.6
20	1	1949	0.3
22	1	1949	0.3
24	1	1949	0.9
28	1	1949	0.1
31	1	1949	0.6
3	1	1950	1
4	1	1950	0.8
5	1	1950	0.1
6	1	1950	0.1
15	1	1950	0.2
16	1	1950	0.1
30	1	1950	0.6
31	1	1950	13.9
1	1	1951	15.9
2	1	1951	15.2
4	1	1951	3.7
5	1	1951	9
6	1	1951	1.5
8	1	1951	3.6
10	1	1951	2.2
11	1	1951	6.7
12	1	1951	1.5
14	1	1951	0.6
15	1	1951	4.1
16	1	1951	2.2
17	1	1951	1.9
18	1	1951	2.1
22	1	1951	0.7
23	1	1951	1
24	1	1951	0.8
26	1	1951	3.5
30	1	1951	0.4
1	1	1952	1.5
2	1	1952	6.8
4	1	1952	5.6
5	1	1952	2.9
7	1	1952	0.1
8	1	1952	1.2
9	1	1952	3.2
10	1	1952	1.2
11	1	1952	0.6
13	1	1952	5.3
14	1	1952	0.2
16	1	1952	2.5
17	1	1952	7.5
20	1	1952	0.1
24	1	1952	0.6
26	1	1952	0.5
28	1	1952	2.3
31	1	1952	5.2
1	1	1953	0.3
5	1	1953	1.2
6	1	1953	10.9
9	1	1953	0.3
14	1	1953	0.3
15	1	1953	1
24	1	1953	0.6
27	1	1953	0.6
30	1	1953	0.6
31	1	1953	5.4
2	1	1954	0.1
3	1	1954	0.2
6	1	1954	1.5
7	1	1954	0.1
9	1	1954	0.6
13	1	1954	11.1
14	1	1954	0.1
15	1	1954	1.9
20	1	1954	0.5
21	1	1954	5.8
22	1	1954	1.4
26	1	1954	0.1
29	1	1954	0.1
4	1	1955	10.4
5	1	1955	0.1
6	1	1955	3.2
10	1	1955	1.8
11	1	1955	9.5
13	1	1955	7
14	1	1955	1.9
15	1	1955	1.2
16	1	1955	8.8
17	1	1955	0.1
21	1	1955	3.7
22	1	1955	1.9
26	1	1955	0.4
27	1	1955	0.2
1	1	1956	4.2
2	1	1956	3.4
7	1	1956	0.3
9	1	1956	1.7
10	1	1956	13.4
11	1	1956	0.1
12	1	1956	1.5
14	1	1956	7.9
15	1	1956	0.3
19	1	1956	0.1
20	1	1956	0.8
21	1	1956	0.3
22	1	1956	3.2
23	1	1956	13.8
26	1	1956	9.8
28	1	1956	3.8
29	1	1956	8
30	1	1956	8.2
31	1	1956	10
1	1	1957	3
2	1	1957	0.2
3	1	1957	0.7
4	1	1957	0.2
5	1	1957	3.5
6	1	1957	1.6
9	1	1957	0.2
12	1	1957	6
13	1	1957	0.8
16	1	1957	0.7
17	1	1957	1.1
21	1	1957	0.1
24	1	1957	9
25	1	1957	0.7
26	1	1957	0.9
27	1	1957	1.8
29	1	1957	3.3
30	1	1957	1.3
31	1	1957	4.9
1	1	1958	4.8
2	1	1958	2.8
4	1	1958	0.3
5	1	1958	13.9
6	1	1958	4.2
7	1	1958	0.4
8	1	1958	1.7
9	1	1958	0.4
10	1	1958	7.1
11	1	1958	0.8
21	1	1958	2.7
23	1	1958	1.3
26	1	1958	2.8
28	1	1958	9.1
29	1	1958	10.8
30	1	1958	0.1
31	1	1958	0.1
1	1	1959	0.1
2	1	1959	6.4
3	1	1959	3
4	1	1959	0.1
5	1	1959	7
6	1	1959	8.7
7	1	1959	1.1
9	1	1959	0.1
11	1	1959	0.3
12	1	1959	0.3
17	1	1959	4.5
18	1	1959	4.6
19	1	1959	0.7
20	1	1959	8.5
21	1	1959	3.5
22	1	1959	5
23	1	1959	0.9
1	1	1960	2.7
2	1	1960	3.9
3	1	1960	0.7
11	1	1960	0.5
12	1	1960	0.2
13	1	1960	1.7
14	1	1960	1
17	1	1960	0.2
19	1	1960	2.1
20	1	1960	1.8
21	1	1960	4.1
22	1	1960	0.2
23	1	1960	6.4
24	1	1960	12.9
27	1	1960	7.3
28	1	1960	2.9
29	1	1960	0.7
30	1	1960	0.7
1	1	1961	3.4
2	1	1961	7
3	1	1961	0.5
4	1	1961	0.3
5	1	1961	6.7
7	1	1961	3.5
9	1	1961	3.5
10	1	1961	3.3
13	1	1961	1.9
19	1	1961	3.7
20	1	1961	1.4
21	1	1961	0.4
27	1	1961	2
28	1	1961	10.2
29	1	1961	5.1
30	1	1961	6.3
31	1	1961	4.2
3	1	1962	0.2
6	1	1962	0.6
8	1	1962	0.6
9	1	1962	1.3
10	1	1962	6.5
11	1	1962	5.4
12	1	1962	3.5
16	1	1962	7.1
17	1	1962	9.2
19	1	1962	3
20	1	1962	5.2
21	1	1962	17.8
22	1	1962	1.9
23	1	1962	5
24	1	1962	0.3
25	1	1962	1
27	1	1962	1.4
31	1	1962	5.7
1	1	1963	4.2
2	1	1963	0.3
3	1	1963	8
4	1	1963	0.5
6	1	1963	0.1
16	1	1963	0.4
19	1	1963	0.4
20	1	1963	0.9
24	1	1963	0.2
27	1	1963	0.1
28	1	1963	0.2
29	1	1963	0.7
31	1	1963	0.8
12	1	1964	2
13	1	1964	0.9
14	1	1964	0.4
19	1	1964	0.1
20	1	1964	2.6
24	1	1964	1
28	1	1964	7.2
29	1	1964	0.4
30	1	1964	0.7
31	1	1964	2.5
7	1	1965	1.2
8	1	1965	0.6
9	1	1965	0.1
10	1	1965	1.8
11	1	1965	1
12	1	1965	2.1
13	1	1965	8.9
14	1	1965	0.4
15	1	1965	0.3
16	1	1965	5.4
17	1	1965	4.3
18	1	1965	0.5
20	1	1965	8.8
21	1	1965	0.3
22	1	1965	4.2
23	1	1965	0.5
24	1	1965	1.7
25	1	1965	0.1
26	1	1965	0.1
28	1	1965	0.1
29	1	1965	0.6
1	1	1966	3.3
2	1	1966	5.7
16	1	1966	0.4
17	1	1966	1.2
20	1	1966	1.7
21	1	1966	0.3
22	1	1966	0.6
23	1	1966	1.2
24	1	1966	1
25	1	1966	6.8
26	1	1966	0.2
27	1	1966	0.2
28	1	1966	0.6
29	1	1966	3.9
30	1	1966	0.8
31	1	1966	7.7
6	1	1967	1.1
7	1	1967	2.1
10	1	1967	0.1
18	1	1967	2.6
19	1	1967	0.8
20	1	1967	1.3
21	1	1967	2.3
23	1	1967	8
24	1	1967	1.2
25	1	1967	3
26	1	1967	7.5
27	1	1967	0.2
28	1	1967	5.9
29	1	1967	0.1
31	1	1967	0.2
1	1	1968	9.1
2	1	1968	3.5
3	1	1968	4.9
4	1	1968	2.1
5	1	1968	7.2
6	1	1968	6.6
7	1	1968	0.6
8	1	1968	1.8
9	1	1968	21.2
11	1	1968	0.1
13	1	1968	5.5
14	1	1968	0.5
16	1	1968	0.1
17	1	1968	0.8
18	1	1968	2.7
25	1	1968	0.2
28	1	1968	1.2
30	1	1968	0.2
3	1	1969	0.7
4	1	1969	0.4
7	1	1969	3.8
8	1	1969	2.5
10	1	1969	4.4
11	1	1969	1.3
12	1	1969	2.3
13	1	1969	15.6
14	1	1969	5
15	1	1969	3.1
16	1	1969	2
17	1	1969	5.7
18	1	1969	0.3
20	1	1969	6.4
21	1	1969	0.1
22	1	1969	1.2
24	1	1969	0.1
27	1	1969	0.7
28	1	1969	15.5
29	1	1969	0.6
2	1	1970	0.2
3	1	1970	0.6
6	1	1970	1.2
8	1	1970	2.6
9	1	1970	9.4
10	1	1970	4.7
11	1	1970	2.7
13	1	1970	1.4
14	1	1970	7.5
15	1	1970	0.2
16	1	1970	0.6
18	1	1970	1.4
19	1	1970	0.2
20	1	1970	1.4
21	1	1970	1.3
22	1	1970	1.4
23	1	1970	6.5
24	1	1970	2
25	1	1970	0.1
26	1	1970	6.2
28	1	1970	0.1
29	1	1970	4.9
30	1	1970	11
6	1	1971	0.5
7	1	1971	3.9
14	1	1971	0.7
15	1	1971	3.4
16	1	1971	5.3
18	1	1971	2.3
19	1	1971	2.9
20	1	1971	3.8
21	1	1971	7.3
22	1	1971	2.1
23	1	1971	13.2
24	1	1971	0.2
25	1	1971	7.5
26	1	1971	9
27	1	1971	1.3
28	1	1971	0.1
30	1	1971	4
31	1	1971	2.6
2	1	1972	1.9
3	1	1972	0.1
4	1	1972	2.1
5	1	1972	0.1
7	1	1972	3.2
8	1	1972	3.8
9	1	1972	0.1
10	1	1972	0.7
11	1	1972	13.1
13	1	1972	3.4
14	1	1972	0.1
15	1	1972	1.7
16	1	1972	0.3
17	1	1972	0.7
18	1	1972	0.2
19	1	1972	3
23	1	1972	0.6
24	1	1972	9.1
25	1	1972	0.1
26	1	1972	6.1
27	1	1972	3.6
28	1	1972	0.2
29	1	1972	0.1
30	1	1972	1
2	1	1973	0.2
4	1	1973	0.5
14	1	1973	0.7
15	1	1973	5.5
20	1	1973	2.4
23	1	1973	1.9
24	1	1973	0.1
26	1	1973	1.8
30	1	1973	0.1
3	1	1974	0.1
4	1	1974	3.1
5	1	1974	4.9
6	1	1974	1.2
7	1	1974	4.7
8	1	1974	4
10	1	1974	2.1
11	1	1974	7.3
12	1	1974	5
13	1	1974	6.2
14	1	1974	0.3
15	1	1974	0.3
16	1	1974	4.9
22	1	1974	0.1
23	1	1974	4.1
26	1	1974	2
27	1	1974	0.6
28	1	1974	1.9
31	1	1974	0.1
1	1	1975	3.5
7	1	1975	1
8	1	1975	0.1
12	1	1975	4.3
13	1	1975	0.1
14	1	1975	2.2
15	1	1975	3
16	1	1975	1.7
17	1	1975	5.5
18	1	1975	19
20	1	1975	16.3
21	1	1975	0.1
22	1	1975	4.5
23	1	1975	0.4
25	1	1975	5.2
26	1	1975	0.2
27	1	1975	10.9
28	1	1975	8.3
29	1	1975	1.4
30	1	1975	0.9
31	1	1975	3.7
1	1	1976	0.3
2	1	1976	0.6
4	1	1976	6.4
9	1	1976	1.3
10	1	1976	1.7
18	1	1976	0.4
20	1	1976	0.2
23	1	1976	0.1
24	1	1976	1.2
25	1	1976	0.4
26	1	1976	1.3
1	1	1977	13.3
2	1	1977	0.2
5	1	1977	4.7
6	1	1977	1.5
9	1	1977	5
10	1	1977	2.5
13	1	1977	15.1
14	1	1977	3.2
15	1	1977	0.9
19	1	1977	1.9
21	1	1977	0.4
22	1	1977	5.9
23	1	1977	2.8
24	1	1977	1
25	1	1977	6.4
26	1	1977	0.1
27	1	1977	2
28	1	1977	0.6
3	1	1978	1
4	1	1978	1.5
9	1	1978	1.4
10	1	1978	0.6
11	1	1978	18.5
12	1	1978	0.2
14	1	1978	0.2
16	1	1978	1.1
17	1	1978	7.9
19	1	1978	1.5
22	1	1978	4.9
23	1	1978	5.5
24	1	1978	0.1
26	1	1978	4
27	1	1978	5
28	1	1978	9.1
29	1	1978	3.3
30	1	1978	1.4
31	1	1978	1.3
1	1	1979	0.4
7	1	1979	3.3
8	1	1979	3.1
9	1	1979	0.3
10	1	1979	9.3
12	1	1979	2.3
14	1	1979	0.6
15	1	1979	0.2
16	1	1979	0.1
17	1	1979	6.4
18	1	1979	0.2
19	1	1979	2.9
20	1	1979	2.3
22	1	1979	0.1
23	1	1979	7.2
25	1	1979	6.4
26	1	1979	0.4
28	1	1979	3.9
29	1	1979	7.9
30	1	1979	0.2
3	1	1980	9.1
4	1	1980	1
8	1	1980	0.1
15	1	1980	0.1
19	1	1980	0.3
20	1	1980	0.1
21	1	1980	9.6
22	1	1980	0.7
23	1	1980	0.2
29	1	1980	0.2
30	1	1980	0.2
31	1	1980	8.1
1	1	1981	0.2
6	1	1981	5.8
8	1	1981	0.1
9	1	1981	3.3
10	1	1981	1.2
12	1	1981	5.6
13	1	1981	0.6
14	1	1981	4.1
15	1	1981	0.1
16	1	1981	3.1
17	1	1981	1.3
18	1	1981	2.4
19	1	1981	0.1
21	1	1981	4.9
28	1	1981	0.1
1	1	1982	11.1
2	1	1982	4.4
4	1	1982	1
5	1	1982	2.6
8	1	1982	11.5
9	1	1982	4.6
20	1	1982	1.4
21	1	1982	0.5
22	1	1982	2.2
25	1	1982	0.2
26	1	1982	4.1
27	1	1982	0.2
29	1	1982	2.9
1	1	1983	0.3
2	1	1983	0.1
3	1	1983	3.6
4	1	1983	6.7
5	1	1983	2.7
6	1	1983	2.6
7	1	1983	0.6
9	1	1983	0.4
12	1	1983	0.1
13	1	1983	1.3
14	1	1983	4.6
15	1	1983	0.1
24	1	1983	3.4
25	1	1983	0.2
26	1	1983	0.4
30	1	1983	4.6
31	1	1983	12.3
1	1	1984	1
2	1	1984	9
3	1	1984	0.7
5	1	1984	2.9
7	1	1984	0.6
11	1	1984	0.8
12	1	1984	0.8
13	1	1984	3.2
14	1	1984	4.1
16	1	1984	9.4
17	1	1984	0.2
19	1	1984	0.2
22	1	1984	8.7
23	1	1984	10.9
24	1	1984	1
26	1	1984	14.2
27	1	1984	0.6
28	1	1984	0.6
29	1	1984	0.5
30	1	1984	3.3
31	1	1984	0.6
4	1	1985	0.2
6	1	1985	3
12	1	1985	0.4
13	1	1985	0.6
14	1	1985	0.4
15	1	1985	0.1
20	1	1985	0.1
21	1	1985	11.4
22	1	1985	2
24	1	1985	4
25	1	1985	11.3
26	1	1985	0.8
27	1	1985	0.4
28	1	1985	2.2
29	1	1985	3.9
31	1	1985	0.5
1	1	1986	7.9
2	1	1986	16
3	1	1986	12.2
4	1	1986	4.5
5	1	1986	1.1
7	1	1986	7.8
8	1	1986	10.8
10	1	1986	2.7
11	1	1986	0.4
13	1	1986	0.1
14	1	1986	0.2
15	1	1986	0.1
17	1	1986	0.1
18	1	1986	1.6
19	1	1986	0.9
21	1	1986	6.5
22	1	1986	5.2
23	1	1986	0.5
24	1	1986	0.1
27	1	1986	9.7
28	1	1986	0.4
29	1	1986	9.1
30	1	1986	7
1	1	1987	10.6
2	1	1987	0.1
4	1	1987	5.1
10	1	1987	0.1
12	1	1987	0.6
13	1	1987	0.1
14	1	1987	6.6
21	1	1987	0.2
22	1	1987	0.4
23	1	1987	0.6
